Z:2.04824 3.15513 3.25253 
P:1.82 3.93701 6.44851 
Vx:3066.52
Zs:21.0193
P:2134.98
Z_0:3.06187 2.65594 2.76774 
P_0:2.45604 3.1342 4.5295 
P0_0:34.8668
